00001 100.5 35.5 10 Payroll
00002 20.5 15.75 12 TechSupport
00003 30.0 25.0 11 PackagingCenter
00004 34.0 20.0 10 Lifeguards
00005 105 20 14 Golf
    00006 34.0 20.0 10 Baseball
00007 34.0 20.0 10 Football
00008 34.0 20.0 10 Tennis
00009 34.0 20.0 10 Curling
00010 34.0 20.0 10 Library
00012 55.0 20.0 10.0 Payroll
00013 0.0 20.0 10.0 Payroll
00014 34.0 20.0 10.1 Payroll
00015 34.0 -1.0 10 Payroll
00016 18.5 20.0 10 Payroll
00017 45.0 20.0 10 Payroll
00018 12.0 20.0 10 Payroll
00018 ---  20.0 10 Payroll
00018 12.0
00018 12.0 20.0 10.0 Payroll extra
00019 100.5 35.5 10.0 Payroll
00022 2 15 34 Payroll
00023 2 15 34 Payroll